TOTAL_MEASUREMENTS 10000
AVERAGE_TEMPERATURE 19.924142
MIN_TEMPERATURE -9.989241
MAX_TEMPERATURE 49.998585
AVERAGE_HUMIDITY 49.423396
MIN_HUMIDITY 0.012938
MAX_HUMIDITY 99.988670
AVERAGE_PRESSURE 1000.012024
MIN_PRESSURE 950.000978
MAX_PRESSURE 1049.994177
TOTAL_RAINFALL 99364.114326
MAX_RAINFALL 19.999002
AVERAGE_WIND_SPEED 19.936553
MAX_WIND_SPEED 39.998321
EXTREME_TEMPERATURE_EVENTS 3349
HOTTEST_MEASUREMENT 49.998585 73 179225
COLDEST_MEASUREMENT -9.989241 25 252175
BUSIEST_INTERVAL 1185 6
TOP_STATIONS
70 129 20.797500 1350.063673
94 121 21.220610 1137.915928
14 119 23.429309 1119.794095
73 119 21.907298 1233.320749
87 119 21.616192 1135.394940
75 118 18.903647 1141.838685
78 117 16.617724 1174.838653
90 117 18.092731 1112.089721
36 115 18.025972 1250.608818
54 115 22.496813 1128.073940
