TOTAL_MEASUREMENTS 1000000
AVERAGE_TEMPERATURE 19.975552
MIN_TEMPERATURE -9.999950
MAX_TEMPERATURE 49.999950
AVERAGE_HUMIDITY 50.026758
MIN_HUMIDITY 0.000017
MAX_HUMIDITY 99.999988
AVERAGE_PRESSURE 1000.018820
MIN_PRESSURE 950.000376
MAX_PRESSURE 1049.999930
TOTAL_RAINFALL 10003409.860797
MAX_RAINFALL 19.999977
AVERAGE_WIND_SPEED 20.007590
MAX_WIND_SPEED 39.999998
EXTREME_TEMPERATURE_EVENTS 333319
HOTTEST_MEASUREMENT 49.999950 91 371204
COLDEST_MEASUREMENT -9.999950 83 263704
BUSIEST_INTERVAL 1108 138
TOP_STATIONS
61 10256 19.902067 102822.249907
13 10230 19.913059 102969.049234
27 10197 20.008567 102500.033819
68 10186 19.976801 102208.145684
30 10184 20.171581 102092.721670
91 10176 20.255135 102533.324691
98 10164 19.883006 101413.556680
45 10163 20.306541 101724.013295
11 10160 20.189108 101177.752670
4 10145 19.897162 100665.473944
