TOTAL_MEASUREMENTS 100000
AVERAGE_TEMPERATURE 19.979391
MIN_TEMPERATURE -9.999450
MAX_TEMPERATURE 49.999950
AVERAGE_HUMIDITY 50.007232
MIN_HUMIDITY 0.002303
MAX_HUMIDITY 99.999458
AVERAGE_PRESSURE 1000.156128
MIN_PRESSURE 950.000776
MAX_PRESSURE 1049.998383
TOTAL_RAINFALL 1001199.460453
MAX_RAINFALL 19.999888
AVERAGE_WIND_SPEED 19.991003
MAX_WIND_SPEED 39.999929
EXTREME_TEMPERATURE_EVENTS 33502
HOTTEST_MEASUREMENT 49.999950 91 371204
COLDEST_MEASUREMENT -9.999450 85 69204
BUSIEST_INTERVAL 5228 24
TOP_STATIONS
2 1079 20.028746 10689.295707
94 1072 20.289462 10528.406733
87 1070 19.584137 10824.772297
27 1069 19.943038 10996.051935
61 1069 19.323144 10688.292334
58 1060 19.457714 10415.445151
29 1053 20.306940 10576.828277
77 1041 19.419894 10566.289039
98 1038 19.537357 10273.579667
8 1035 19.834561 10460.700129
